+------------------------------------------------------------------------------------------------------------------------------------------------------------------------------------------------------------------------------------------------------------------------+
; Legal Partition Candidates                                                                                                                                                                                                                                             ;
+-------------------------------------------------------------------+-------+----------------+--------------+----------------+--------+-----------------+---------------+-----------------+-------+----------------+--------------+------------------+-------------------+
; Hierarchy                                                         ; Input ; Constant Input ; Unused Input ; Floating Input ; Output ; Constant Output ; Unused Output ; Floating Output ; Bidir ; Constant Bidir ; Unused Bidir ; Input only Bidir ; Output only Bidir ;
+-------------------------------------------------------------------+-------+----------------+--------------+----------------+--------+-----------------+---------------+-----------------+-------+----------------+--------------+------------------+-------------------+
; RAM|altsyncram_component|auto_generated|altsyncram1|mux7          ; 65    ; 0              ; 0            ; 0              ; 32     ; 0               ; 0             ; 0               ; 0     ; 0              ; 0            ; 0                ; 0                 ;
; RAM|altsyncram_component|auto_generated|altsyncram1|mux6          ; 65    ; 0              ; 0            ; 0              ; 32     ; 0               ; 0             ; 0               ; 0     ; 0              ; 0            ; 0                ; 0                 ;
; RAM|altsyncram_component|auto_generated|altsyncram1|rden_decode_b ; 1     ; 0              ; 0            ; 0              ; 2      ; 0               ; 0             ; 0               ; 0     ; 0              ; 0            ; 0                ; 0                 ;
; RAM|altsyncram_component|auto_generated|altsyncram1|rden_decode_a ; 1     ; 0              ; 0            ; 0              ; 2      ; 0               ; 0             ; 0               ; 0     ; 0              ; 0            ; 0                ; 0                 ;
; RAM|altsyncram_component|auto_generated|altsyncram1|decode5       ; 2     ; 0              ; 0            ; 0              ; 2      ; 0               ; 0             ; 0               ; 0     ; 0              ; 0            ; 0                ; 0                 ;
; RAM|altsyncram_component|auto_generated|altsyncram1|decode4       ; 2     ; 0              ; 0            ; 0              ; 2      ; 0               ; 0             ; 0               ; 0     ; 0              ; 0            ; 0                ; 0                 ;
; RAM|altsyncram_component|auto_generated|altsyncram1               ; 96    ; 0              ; 0            ; 0              ; 64     ; 0               ; 0             ; 0               ; 0     ; 0              ; 0            ; 0                ; 0                 ;
; RAM|altsyncram_component|auto_generated                           ; 48    ; 0              ; 0            ; 0              ; 32     ; 0               ; 0             ; 0               ; 0     ; 0              ; 0            ; 0                ; 0                 ;
; RAM                                                               ; 68    ; 0              ; 0            ; 0              ; 34     ; 0               ; 0             ; 0               ; 0     ; 0              ; 0            ; 0                ; 0                 ;
; CPU|CC                                                            ; 238   ; 134            ; 105          ; 134            ; 266    ; 134             ; 134           ; 134             ; 0     ; 0              ; 0            ; 0                ; 0                 ;
; CPU|CM                                                            ; 303   ; 103            ; 135          ; 103            ; 269    ; 103             ; 103           ; 103             ; 0     ; 0              ; 0            ; 0                ; 0                 ;
; CPU|DP|MEMWB                                                      ; 202   ; 0              ; 0            ; 0              ; 198    ; 0               ; 0             ; 0               ; 0     ; 0              ; 0            ; 0                ; 0                 ;
; CPU|DP|EXMEM                                                      ; 206   ; 0              ; 0            ; 0              ; 202    ; 0               ; 0             ; 0               ; 0     ; 0              ; 0            ; 0                ; 0                 ;
; CPU|DP|IDEX                                                       ; 220   ; 0              ; 0            ; 0              ; 216    ; 0               ; 0             ; 0               ; 0     ; 0              ; 0            ; 0                ; 0                 ;
; CPU|DP|IFID                                                       ; 68    ; 0              ; 0            ; 0              ; 64     ; 0               ; 0             ; 0               ; 0     ; 0              ; 0            ; 0                ; 0                 ;
; CPU|DP|PC                                                         ; 127   ; 0              ; 2            ; 0              ; 64     ; 0               ; 0             ; 0               ; 0     ; 0              ; 0            ; 0                ; 0                 ;
; CPU|DP|ALU                                                        ; 68    ; 0              ; 0            ; 0              ; 35     ; 0               ; 0             ; 0               ; 0     ; 0              ; 0            ; 0                ; 0                 ;
; CPU|DP|FU                                                         ; 0     ; 0              ; 0            ; 0              ; 0      ; 0               ; 0             ; 0               ; 29    ; 0              ; 0            ; 0                ; 0                 ;
; CPU|DP|HU                                                         ; 2     ; 0              ; 2            ; 0              ; 0      ; 0               ; 0             ; 0               ; 41    ; 0              ; 5            ; 0                ; 5                 ;
; CPU|DP|CU                                                         ; 0     ; 0              ; 0            ; 0              ; 0      ; 0               ; 0             ; 0               ; 202   ; 0              ; 65           ; 0                ; 65                ;
; CPU|DP|RF                                                         ; 50    ; 0              ; 0            ; 0              ; 64     ; 0               ; 0             ; 0               ; 0     ; 0              ; 0            ; 0                ; 0                 ;
; CPU|DP|plif_memwb                                                 ; 0     ; 0              ; 0            ; 0              ; 0      ; 0               ; 0             ; 0               ; 398   ; 0              ; 398          ; 0                ; 398               ;
; CPU|DP|plif_exmem                                                 ; 0     ; 0              ; 0            ; 0              ; 0      ; 0               ; 0             ; 0               ; 406   ; 0              ; 406          ; 0                ; 406               ;
; CPU|DP|plif_idex                                                  ; 0     ; 0              ; 0            ; 0              ; 0      ; 0               ; 0             ; 0               ; 434   ; 0              ; 434          ; 0                ; 434               ;
; CPU|DP|plif_ifid                                                  ; 0     ; 0              ; 0            ; 0              ; 0      ; 0               ; 0             ; 0               ; 130   ; 0              ; 130          ; 0                ; 130               ;
; CPU|DP|pcif                                                       ; 0     ; 0              ; 0            ; 0              ; 0      ; 0               ; 0             ; 0               ; 189   ; 0              ; 189          ; 0                ; 189               ;
; CPU|DP|aluif                                                      ; 0     ; 0              ; 0            ; 0              ; 0      ; 0               ; 0             ; 0               ; 103   ; 0              ; 103          ; 0                ; 103               ;
; CPU|DP|fuif                                                       ; 0     ; 0              ; 0            ; 0              ; 0      ; 0               ; 0             ; 0               ; 29    ; 0              ; 29           ; 0                ; 29                ;
; CPU|DP|hzif                                                       ; 0     ; 0              ; 0            ; 0              ; 0      ; 0               ; 0             ; 0               ; 41    ; 0              ; 41           ; 0                ; 41                ;
; CPU|DP|cuif                                                       ; 0     ; 0              ; 0            ; 0              ; 0      ; 0               ; 0             ; 0               ; 202   ; 0              ; 202          ; 0                ; 202               ;
; CPU|DP|rfif                                                       ; 0     ; 0              ; 0            ; 0              ; 0      ; 0               ; 0             ; 0               ; 112   ; 0              ; 112          ; 0                ; 112               ;
; CPU|DP                                                            ; 68    ; 1              ; 0            ; 1              ; 101    ; 1               ; 1             ; 1               ; 0     ; 0              ; 0            ; 0                ; 0                 ;
; CPU|ccif                                                          ; 0     ; 0              ; 0            ; 0              ; 0      ; 0               ; 0             ; 0               ; 502   ; 0              ; 502          ; 0                ; 502               ;
; CPU|dcif                                                          ; 0     ; 0              ; 0            ; 0              ; 0      ; 0               ; 0             ; 0               ; 168   ; 0              ; 168          ; 0                ; 168               ;
; CPU                                                               ; 36    ; 0              ; 0            ; 0              ; 67     ; 0               ; 0             ; 0               ; 0     ; 0              ; 0            ; 0                ; 0                 ;
; prif                                                              ; 0     ; 0              ; 0            ; 0              ; 0      ; 0               ; 0             ; 0               ; 166   ; 0              ; 166          ; 0                ; 166               ;
+-------------------------------------------------------------------+-------+----------------+--------------+----------------+--------+-----------------+---------------+-----------------+-------+----------------+--------------+------------------+-------------------+
